0.000               0.000               1
0.150               0.000               2
0.075               -0.130              3
-0.075              -0.130              4
-0.150              0.000               5
-0.075              0.130               6
0.075               0.130               7
0.300               0.000               8
0.225               -0.130              9
0.150               -0.260              10
0.000               -0.260              11
-0.150              -0.260              12
-0.225              -0.130              13
-0.300              0.000               14
-0.225              0.130               15
-0.150              0.260               16
0.000               0.260               17
0.150               0.260               18
0.225               0.130               19
0.450               0.000               20
0.375               -0.130              21
0.300               -0.260              22
0.225               -0.390              23
0.075               -0.390              24
-0.075              -0.390              25
-0.225              -0.390              26
-0.300              -0.260              27
-0.375              -0.130              28
-0.450              0.000               29
-0.375              0.130               30
-0.300              0.260               31
-0.225              0.390               32
-0.075              0.390               33
0.075               0.390               34
0.225               0.390               35
0.300               0.260               36
0.375               0.130               37
0.600               0.000               38
0.525               -0.130              39
0.450               -0.260              40
0.375               -0.390              41
0.300               -0.520              42
0.150               -0.520              43
0.000               -0.520              44
-0.150              -0.520              45
-0.300              -0.520              46
-0.375              -0.390              47
-0.450              -0.260              48
-0.525              -0.130              49
-0.600              0.000               50
-0.525              0.130               51
-0.450              0.260               52
-0.375              0.390               53
-0.300              0.520               54
-0.150              0.520               55
0.000               0.520               56
0.150               0.520               57
0.300               0.520               58
0.375               0.390               59
0.450               0.260               60
0.525               0.130               61
0.750               0.000               62
0.675               -0.130              63
0.600               -0.260              64
0.525               -0.390              65
0.450               -0.520              66
0.375               -0.650              67
0.225               -0.650              68
0.075               -0.650              69
-0.075              -0.650              70
-0.225              -0.650              71
-0.375              -0.650              72
-0.450              -0.520              73
-0.525              -0.390              74
-0.600              -0.260              75
-0.675              -0.130              76
-0.750              0.000               77
-0.675              0.130               78
-0.600              0.260               79
-0.525              0.390               80
-0.450              0.520               81
-0.375              0.650               82
-0.225              0.650               83
-0.075              0.650               84
0.075               0.650               85
0.225               0.650               86
0.375               0.650               87
0.450               0.520               88
0.525               0.390               89
0.600               0.260               90
0.675               0.130               91
0.900               0.000               92
0.825               -0.130              93
0.750               -0.260              94
0.675               -0.390              95
0.600               -0.520              96
0.525               -0.650              97
0.450               -0.779              98
0.300               -0.779              99
0.150               -0.779              100
0.000               -0.779              101
-0.150              -0.779              102
-0.300              -0.779              103
-0.450              -0.779              104
-0.525              -0.650              105
-0.600              -0.520              106
-0.675              -0.390              107
-0.750              -0.260              108
-0.825              -0.130              109
-0.900              0.000               110
-0.825              0.130               111
-0.750              0.260               112
-0.675              0.390               113
-0.600              0.520               114
-0.525              0.650               115
-0.450              0.779               116
-0.300              0.779               117
-0.150              0.779               118
0.000               0.779               119
0.150               0.779               120
0.300               0.779               121
0.450               0.779               122
0.525               0.650               123
0.600               0.520               124
0.675               0.390               125
0.750               0.260               126
0.825               0.130               127
1.050               0.000               128
0.975               -0.130              129
0.900               -0.260              130
0.825               -0.390              131
0.750               -0.520              132
0.675               -0.650              133
0.600               -0.779              134
0.525               -0.909              135
0.375               -0.909              136
0.225               -0.909              137
0.075               -0.909              138
-0.075              -0.909              139
-0.225              -0.909              140
-0.375              -0.909              141
-0.525              -0.909              142
-0.600              -0.779              143
-0.675              -0.650              144
-0.750              -0.520              145
-0.825              -0.390              146
-0.900              -0.260              147
-0.975              -0.130              148
-1.050              0.000               149
-0.975              0.130               150
-0.900              0.260               151
-0.825              0.390               152
-0.750              0.520               153
-0.675              0.650               154
-0.600              0.779               155
-0.525              0.909               156
-0.375              0.909               157
-0.225              0.909               158
-0.075              0.909               159
0.075               0.909               160
0.225               0.909               161
0.375               0.909               162
0.525               0.909               163
0.600               0.779               164
0.675               0.650               165
0.750               0.520               166
0.825               0.390               167
0.900               0.260               168
0.975               0.130               169
1.200               0.000               170
1.125               -0.130              171
1.050               -0.260              172
0.975               -0.390              173
0.900               -0.520              174
0.825               -0.650              175
0.750               -0.779              176
0.675               -0.909              177
0.600               -1.039              178
0.450               -1.039              179
0.300               -1.039              180
0.150               -1.039              181
0.000               -1.039              182
-0.150              -1.039              183
-0.300              -1.039              184
-0.450              -1.039              185
-0.600              -1.039              186
-0.675              -0.909              187
-0.750              -0.779              188
-0.825              -0.650              189
-0.900              -0.520              190
-0.975              -0.390              191
-1.050              -0.260              192
-1.125              -0.130              193
-1.200              0.000               194
-1.125              0.130               195
-1.050              0.260               196
-0.975              0.390               197
-0.900              0.520               198
-0.825              0.650               199
-0.750              0.779               200
-0.675              0.909               201
-0.600              1.039               202
-0.450              1.039               203
-0.300              1.039               204
-0.150              1.039               205
0.000               1.039               206
0.150               1.039               207
0.300               1.039               208
0.450               1.039               209
0.600               1.039               210
0.675               0.909               211
0.750               0.779               212
0.825               0.650               213
0.900               0.520               214
0.975               0.390               215
1.050               0.260               216
1.125               0.130               217
1.350               0.000               218
1.275               -0.130              219
1.200               -0.260              220
1.125               -0.390              221
1.050               -0.520              222
0.975               -0.650              223
0.900               -0.779              224
0.825               -0.909              225
0.750               -1.039              226
0.675               -1.169              227
0.525               -1.169              228
0.375               -1.169              229
0.225               -1.169              230
0.075               -1.169              231
-0.075              -1.169              232
-0.225              -1.169              233
-0.375              -1.169              234
-0.525              -1.169              235
-0.675              -1.169              236
-0.750              -1.039              237
-0.825              -0.909              238
-0.900              -0.779              239
-0.975              -0.650              240
-1.050              -0.520              241
-1.125              -0.390              242
-1.200              -0.260              243
-1.275              -0.130              244
-1.350              0.000               245
-1.275              0.130               246
-1.200              0.260               247
-1.125              0.390               248
-1.050              0.520               249
-0.975              0.650               250
-0.900              0.779               251
-0.825              0.909               252
-0.750              1.039               253
-0.675              1.169               254
-0.525              1.169               255
-0.375              1.169               256
-0.225              1.169               257
-0.075              1.169               258
0.075               1.169               259
0.225               1.169               260
0.375               1.169               261
0.525               1.169               262
0.675               1.169               263
0.750               1.039               264
0.825               0.909               265
0.900               0.779               266
0.975               0.650               267
1.050               0.520               268
1.125               0.390               269
1.200               0.260               270
1.275               0.130               271
1.500               0.000               272
1.425               -0.130              273
1.350               -0.260              274
1.275               -0.390              275
1.200               -0.520              276
1.125               -0.650              277
1.050               -0.779              278
0.975               -0.909              279
0.900               -1.039              280
0.825               -1.169              281
0.750               -1.299              282
0.600               -1.299              283
0.450               -1.299              284
0.300               -1.299              285
0.150               -1.299              286
0.000               -1.299              287
-0.150              -1.299              288
-0.300              -1.299              289
-0.450              -1.299              290
-0.600              -1.299              291
-0.750              -1.299              292
-0.825              -1.169              293
-0.900              -1.039              294
-0.975              -0.909              295
-1.050              -0.779              296
-1.125              -0.650              297
-1.200              -0.520              298
-1.275              -0.390              299
-1.350              -0.260              300
-1.425              -0.130              301
-1.500              0.000               302
-1.425              0.130               303
-1.350              0.260               304
-1.275              0.390               305
-1.200              0.520               306
-1.125              0.650               307
-1.050              0.779               308
-0.975              0.909               309
-0.900              1.039               310
-0.825              1.169               311
-0.750              1.299               312
-0.600              1.299               313
-0.450              1.299               314
-0.300              1.299               315
-0.150              1.299               316
0.000               1.299               317
0.150               1.299               318
0.300               1.299               319
0.450               1.299               320
0.600               1.299               321
0.750               1.299               322
0.825               1.169               323
0.900               1.039               324
0.975               0.909               325
1.050               0.779               326
1.125               0.650               327
1.200               0.520               328
1.275               0.390               329
1.350               0.260               330
1.425               0.130               331
1.650               0.000               332
1.575               -0.130              333
1.500               -0.260              334
1.425               -0.390              335
1.350               -0.520              336
1.275               -0.650              337
1.200               -0.779              338
1.125               -0.909              339
1.050               -1.039              340
0.975               -1.169              341
0.900               -1.299              342
0.825               -1.429              343
0.675               -1.429              344
0.525               -1.429              345
0.375               -1.429              346
0.225               -1.429              347
0.075               -1.429              348
-0.075              -1.429              349
-0.225              -1.429              350
-0.375              -1.429              351
-0.525              -1.429              352
-0.675              -1.429              353
-0.825              -1.429              354
-0.900              -1.299              355
-0.975              -1.169              356
-1.050              -1.039              357
-1.125              -0.909              358
-1.200              -0.779              359
-1.275              -0.650              360
-1.350              -0.520              361
-1.425              -0.390              362
-1.500              -0.260              363
-1.575              -0.130              364
-1.650              0.000               365
-1.575              0.130               366
-1.500              0.260               367
-1.425              0.390               368
-1.350              0.520               369
-1.275              0.650               370
-1.200              0.779               371
-1.125              0.909               372
-1.050              1.039               373
-0.975              1.169               374
-0.900              1.299               375
-0.825              1.429               376
-0.675              1.429               377
-0.525              1.429               378
-0.375              1.429               379
-0.225              1.429               380
-0.075              1.429               381
0.075               1.429               382
0.225               1.429               383
0.375               1.429               384
0.525               1.429               385
0.675               1.429               386
0.825               1.429               387
0.900               1.299               388
0.975               1.169               389
1.050               1.039               390
1.125               0.909               391
1.200               0.779               392
1.275               0.650               393
1.350               0.520               394
1.425               0.390               395
1.500               0.260               396
1.575               0.130               397
1.725               -0.130              398
1.650               -0.260              399
1.575               -0.390              400
1.500               -0.520              401
1.425               -0.650              402
1.350               -0.779              403
1.275               -0.909              404
1.200               -1.039              405
1.125               -1.169              406
1.050               -1.299              407
0.975               -1.429              408
0.750               -1.559              409
0.600               -1.559              410
0.450               -1.559              411
0.300               -1.559              412
0.150               -1.559              413
0.000               -1.559              414
-0.150              -1.559              415
-0.300              -1.559              416
-0.450              -1.559              417
-0.600              -1.559              418
-0.750              -1.559              419
-0.975              -1.429              420
-1.050              -1.299              421
-1.125              -1.169              422
-1.200              -1.039              423
-1.275              -0.909              424
-1.350              -0.779              425
-1.425              -0.650              426
-1.500              -0.520              427
-1.575              -0.390              428
-1.650              -0.260              429
-1.725              -0.130              430
-1.725              0.130               431
-1.650              0.260               432
-1.575              0.390               433
-1.500              0.520               434
-1.425              0.650               435
-1.350              0.779               436
-1.275              0.909               437
-1.200              1.039               438
-1.125              1.169               439
-1.050              1.299               440
-0.975              1.429               441
-0.750              1.559               442
-0.600              1.559               443
-0.450              1.559               444
-0.300              1.559               445
-0.150              1.559               446
0.000               1.559               447
0.150               1.559               448
0.300               1.559               449
0.450               1.559               450
0.600               1.559               451
0.750               1.559               452
0.975               1.429               453
1.050               1.299               454
1.125               1.169               455
1.200               1.039               456
1.275               0.909               457
1.350               0.779               458
1.425               0.650               459
1.500               0.520               460
1.575               0.390               461
1.650               0.260               462
1.725               0.130               463
1.650               -0.520              464
1.575               -0.650              465
1.500               -0.779              466
1.425               -0.909              467
1.350               -1.039              468
1.275               -1.169              469
0.375               -1.689              470
0.225               -1.689              471
0.075               -1.689              472
-0.075              -1.689              473
-0.225              -1.689              474
-0.375              -1.689              475
-1.275              -1.169              476
-1.350              -1.039              477
-1.425              -0.909              478
-1.500              -0.779              479
-1.575              -0.650              480
-1.650              -0.520              481
-1.650              0.520               482
-1.575              0.650               483
-1.500              0.779               484
-1.425              0.909               485
-1.350              1.039               486
-1.275              1.169               487
-0.375              1.689               488
-0.225              1.689               489
-0.075              1.689               490
0.075               1.689               491
0.225               1.689               492
0.375               1.689               493
1.275               1.169               494
1.350               1.039               495
1.425               0.909               496
1.500               0.779               497
1.575               0.650               498
1.650               0.520               499
